Крок	X1		X2		Phi(X)
--------------------------------------------------
0	-1.200000	0.000000	212.200000
1	-0.700000	0.500000	2.900000
2	-0.692187	0.468750	2.874260
3	-0.678516	0.453125	2.822683
4	-0.649219	0.421875	2.719938
5	-0.588672	0.343750	2.524654
6	-0.465625	0.203125	2.166775
7	-0.465625	0.203125	2.166775
8	-0.463672	0.218750	2.143748
9	-0.455859	0.203125	2.121719
10	-0.442187	0.195312	2.079910
11	-0.412891	0.171875	1.996455
12	-0.352344	0.125000	1.828907
13	-0.229297	0.039062	1.529435
14	-0.229297	0.039062	1.529435
15	-0.221484	0.054688	1.495196
16	-0.221484	0.054688	1.495196
17	-0.213672	0.039062	1.477346
18	-0.200000	0.031250	1.447656
19	-0.170703	0.023438	1.373797
20	-0.110156	0.015625	1.233665
21	0.012891	0.000000	0.974388
22	0.012891	0.000000	0.974388
23	0.020703	0.000488	0.959023
24	0.034375	0.001221	0.932432
25	0.063672	0.002930	0.876837
26	0.124219	0.006592	0.774805
27	0.124219	0.006592	0.774805
28	0.132031	0.007568	0.763099
29	0.145703	0.009277	0.744108
30	0.175000	0.012939	0.711903
31	0.231641	0.020508	0.700266
32	0.231641	0.020508	0.700266
33	0.223828	0.021484	0.684323
34	0.210156	0.023193	0.667837
35	0.210156	0.023193	0.667837
36	0.206250	0.024170	0.663782
37	0.204297	0.025879	0.658292
38	0.202344	0.029541	0.649256
39	0.200391	0.037109	0.640304
40	0.200391	0.037109	0.640304
41	0.208203	0.038086	0.629712
42	0.221875	0.039795	0.614378
43	0.247266	0.043457	0.597879
44	0.247266	0.043457	0.597879
45	0.243359	0.044434	0.594380
46	0.241406	0.046143	0.590189
47	0.239453	0.049805	0.584106
48	0.237500	0.056885	0.581429
49	0.237500	0.056885	0.581429
50	0.245313	0.057861	0.570090
51	0.258984	0.059570	0.554733
52	0.284375	0.063232	0.543225
53	0.284375	0.063232	0.543225
54	0.276563	0.064209	0.538436
55	0.276563	0.064209	0.538436
56	0.280469	0.065186	0.535889
57	0.282422	0.066895	0.531476
58	0.288281	0.070557	0.522292
59	0.300000	0.078125	0.504102
60	0.321484	0.093506	0.470079
61	0.364453	0.124512	0.410833
62	0.448438	0.186768	0.324752
63	0.448438	0.186768	0.324752
64	0.440625	0.187744	0.317004
65	0.440625	0.187744	0.317004
66	0.440381	0.188721	0.315893
67	0.440259	0.190430	0.314465
68	0.440137	0.193604	0.313448
69	0.440137	0.193604	0.313448
70	0.440625	0.194092	0.312901
71	0.441479	0.194824	0.311946
72	0.443311	0.196533	0.309903
73	0.447095	0.199951	0.305705
74	0.454785	0.206787	0.297259
75	0.470288	0.220703	0.280617
76	0.501416	0.248779	0.249282
77	0.563550	0.305176	0.205896
78	0.563550	0.305176	0.205896
79	0.563062	0.306152	0.202766
80	0.562207	0.307861	0.198412
81	0.560620	0.311523	0.193823
82	0.560620	0.311523	0.193823
83	0.561108	0.312500	0.193175
84	0.561963	0.314209	0.192130
85	0.563794	0.317871	0.190276
86	0.567578	0.324951	0.187776
87	0.575269	0.338867	0.186690
88	0.575269	0.338867	0.186690
89	0.575757	0.337891	0.184071
90	0.576611	0.336182	0.180628
91	0.578442	0.333008	0.177963
92	0.578442	0.333008	0.177963
93	0.578931	0.333984	0.177438
94	0.579785	0.335693	0.176601
95	0.581616	0.338867	0.175080
96	0.585400	0.344971	0.172411
97	0.593091	0.356934	0.168255
98	0.608594	0.380615	0.163662
99	0.608594	0.380615	0.163662
100	0.609082	0.379639	0.160313
101	0.609937	0.377930	0.155639
102	0.611768	0.374268	0.150724
103	0.611768	0.374268	0.150724
104	0.612256	0.374756	0.150347
105	0.613110	0.375488	0.149701
106	0.614941	0.377197	0.148361
107	0.618726	0.380859	0.145755
108	0.626172	0.388428	0.141090
109	0.640942	0.403809	0.133820
110	0.670361	0.434814	0.129890
111	0.670361	0.434814	0.129890
112	0.669873	0.435791	0.125725
113	0.669019	0.437500	0.119721
114	0.667188	0.441162	0.112346
115	0.667188	0.441162	0.112346
116	0.666699	0.442139	0.111641
117	0.666089	0.443604	0.111497
118	0.666089	0.443604	0.111497
119	0.666577	0.444336	0.111171
120	0.667432	0.445557	0.110603
121	0.669263	0.447998	0.109388
122	0.673047	0.452881	0.106900
123	0.680737	0.462891	0.101955
124	0.696240	0.483154	0.092525
125	0.727124	0.523926	0.076750
126	0.788770	0.605713	0.071660
127	0.788770	0.605713	0.071660
128	0.788281	0.606689	0.066428
129	0.787427	0.608398	0.058742
130	0.785596	0.612061	0.048570
131	0.785596	0.612061	0.048570
132	0.785107	0.613037	0.047305
133	0.784497	0.614746	0.046489
134	0.784497	0.614746	0.046489
135	0.784985	0.615723	0.046254
136	0.785840	0.617432	0.045866
137	0.787671	0.620605	0.045087
138	0.791455	0.626709	0.043500
139	0.799146	0.638672	0.040343
140	0.814648	0.662842	0.034421
141	0.845532	0.711426	0.025085
142	0.845532	0.711426	0.025085
143	0.845044	0.712402	0.024299
144	0.844434	0.713623	0.024232
145	0.844434	0.713623	0.024232
146	0.844922	0.713135	0.024107
147	0.844922	0.713135	0.024107
148	0.845410	0.714111	0.023935
149	0.846265	0.715820	0.023646
150	0.848096	0.719238	0.023075
151	0.851880	0.725830	0.021941
152	0.859570	0.738770	0.019721
153	0.874829	0.764893	0.015687
154	0.905225	0.817383	0.009402
155	0.905225	0.817383	0.009402
156	0.904736	0.818359	0.009079
157	0.904736	0.818359	0.009079
158	0.905225	0.819336	0.008983
159	0.906079	0.821045	0.008822
160	0.907910	0.824219	0.008481
161	0.911572	0.830811	0.007822
162	0.918896	0.844238	0.006580
163	0.933545	0.871338	0.004419
164	0.962720	0.925781	0.001500
165	0.962720	0.925781	0.001500
166	0.962476	0.926270	0.001409
167	0.962476	0.926270	0.001409
168	0.962720	0.926758	0.001390
169	0.963025	0.927490	0.001368
170	0.963696	0.928711	0.001318
171	0.965039	0.931396	0.001223
172	0.967786	0.936523	0.001038
173	0.973218	0.947021	0.000719
174	0.984021	0.968262	0.000255
175	1.005566	1.010986	0.000034
176	1.005566	1.010986	0.000034
177	1.005505	1.011047	0.000030
178	1.005444	1.010925	0.000030
179	1.005368	1.010742	0.000029
180	1.005200	1.010437	0.000027
181	1.004880	1.009766	0.000024
182	1.004224	1.008484	0.000018
183	1.002927	1.005859	0.000009
184	1.000317	1.000610	0.000000
185	1.000317	1.000610	0.000000
186	1.000287	1.000580	0.000000
187	1.000272	1.000542	0.000000
188	1.000226	1.000458	0.000000
189	1.000150	1.000298	0.000000
190	0.999982	0.999969	0.000000
191	0.999982	0.999969	0.000000
192	0.999986	0.999971	0.000000
193	0.999986	0.999972	0.000000
194	0.999986	0.999972	0.000000
195	0.999987	0.999974	0.000000
196	0.999988	0.999976	0.000000
197	0.999991	0.999981	0.000000
198	0.999996	0.999992	0.000000
199	0.999996	0.999992	0.000000
200	0.999996	0.999992	0.000000
201	0.999996	0.999992	0.000000
202	0.999997	0.999993	0.000000
203	0.999997	0.999995	0.000000
204	0.999999	0.999999	0.000000
205	0.999999	0.999999	0.000000
206	0.999999	0.999999	0.000000
207	0.999999	0.999999	0.000000
208	0.999999	0.999999	0.000000
209	0.999999	0.999999	0.000000
210	0.999999	0.999999	0.000000
211	1.000000	0.999999	0.000000
212	1.000000	1.000000	0.000000
213	1.000000	1.000000	0.000000
