5.345128946725480091e+03
5.534983072772865853e+03
5.672186876503293206e+03
5.304444535148211799e+03
5.159074240875794203e+03
5.875542132602125093e+03
5.409600870426467736e+03
5.492201099702275314e+03
5.397940598511318058e+03
5.572197257694431755e+03
5.616430783706295188e+03
5.337205145771536991e+03
5.561641195609086935e+03
5.323846078374139324e+03
5.697457233681485377e+03
5.373983731356953285e+03
5.381565497936224347e+03
5.585404915402737970e+03
5.295889275880501373e+03
5.362927281811724242e+03
5.425382785280210555e+03
5.295051667894164893e+03
5.447436901889081128e+03
5.507319895248247121e+03
5.482716720103545413e+03
5.398849810093804990e+03
5.529035971773702840e+03
5.443717869508089279e+03
5.517262207646396746e+03
5.474776277146971552e+03
5.239111777976705525e+03
5.560964511072164896e+03
5.454147407893197851e+03
5.473776288897144696e+03
5.371887508833591710e+03
5.534000293281256745e+03
5.289168461465031214e+03
5.273253648068517577e+03
5.401832096079893745e+03
5.137372552252489186e+03
5.391132309689586691e+03
5.382733543882109188e+03
5.473274272520119666e+03
5.098030739680598344e+03
5.476288780637333730e+03
5.619120513413888148e+03
5.582730862411443013e+03
5.271800740439177389e+03
5.302517945325058463e+03
5.514704236121019676e+03
5.403343102797023676e+03
5.654836692100665459e+03
5.593445864420029466e+03
5.506442727137218753e+03
5.523740572974076713e+03
5.834199231998455616e+03
5.440092220646330134e+03
5.610606411139415286e+03
5.271384303356608143e+03
5.526848945866853683e+03
5.551970375918903301e+03
5.506006944776314413e+03
5.371124859032078348e+03
5.453143512173981435e+03
5.409478959762003797e+03
5.380696459410025454e+03
5.344753099070469034e+03
5.493810772122013077e+03
5.512981256976255281e+03
5.404870175717191159e+03
5.375136528960316355e+03
5.514869644418639837e+03
5.661264036112082977e+03
5.684172731290155753e+03
5.413271930718140538e+03
5.175662033922035334e+03
5.666484980791640737e+03
5.488040743265948549e+03
5.372362204799081155e+03
5.320725022100244132e+03
5.723512832297062232e+03
5.385363733067721114e+03
5.596202777820831216e+03
5.624077805100323530e+03
5.640638625773253807e+03
5.823326278199579974e+03
5.649323688666050657e+03
5.595925315698526902e+03
5.352555710287078000e+03
5.404129463292752916e+03
5.778657416719976027e+03
5.379515296073257559e+03
5.618761329711312101e+03
6.042124000642239480e+03
5.580248413668196008e+03
5.278237905550854521e+03
5.928635136360833712e+03
5.427068269101851911e+03
5.382893550793231952e+03
5.621049426617654717e+03
5.351509248878448489e+03
5.623759442926904740e+03
5.510345345564373929e+03
5.740793993347311698e+03
5.822464688728327019e+03
5.285504180107071079e+03
5.509877578656807600e+03
5.464329314913455164e+03
5.657870973155789216e+03
5.611399030587729612e+03
5.677666703405688168e+03
5.775929095572124425e+03
5.902220576032452300e+03
5.673477570618137179e+03
5.623538382133210689e+03
5.479382002093414485e+03
5.343129557190567539e+03
5.768312662874432135e+03
5.560671503000536177e+03
5.415757916069010207e+03
5.376063204273469637e+03
5.561960922800914886e+03
5.543013630610847031e+03
5.434156196885592180e+03
5.411071491032014819e+03
5.646271755808285889e+03
5.446981117818781058e+03
5.317435196500014172e+03
5.333508910535651012e+03
5.727397916383813936e+03
5.145256701280375637e+03
5.460526914543084786e+03
5.590133769764221142e+03
5.458219016762537649e+03
5.316162137835578505e+03
5.840981909923846615e+03
5.247800431845202183e+03
5.535156061701538420e+03
5.015763545939086725e+03
5.442604244808335352e+03
5.349102567545833153e+03
5.052317551593184362e+03
5.333740276445737436e+03
5.439435666510969895e+03
5.582029369183857852e+03
5.386759967069232516e+03
5.053711961913991217e+03
5.508795202685466393e+03
5.813385493530966414e+03
5.129186797084616046e+03
5.500745077574751122e+03
5.623444380126712531e+03
5.523112018308189363e+03
5.363998065090228920e+03
5.585036706811534714e+03
5.724235156139302489e+03
5.385444977277706130e+03
5.580563483724701655e+03
5.348015212196836728e+03
5.680779357769446506e+03
5.330231388171936487e+03
5.453622643709559270e+03
5.415014900212790963e+03
5.653634319374556981e+03
5.533594787064684169e+03
5.344381057019228138e+03
5.564509306048721555e+03
5.428110378993065751e+03
5.316188535027920807e+03
5.489078355517309319e+03
5.665412457264841578e+03
5.137804451953697935e+03
5.541032159388283617e+03
5.204861059450722678e+03
5.934799486860099023e+03
5.454958605898154929e+03
5.359801791172737467e+03
5.457216425891265317e+03
5.240810189766283656e+03
5.437849245885892742e+03
5.635896297003966538e+03
5.496301828117354489e+03
5.205587754342948756e+03
5.219993765484335199e+03
5.527733609147336210e+03
5.494244084160922284e+03
5.821700175084746661e+03
5.634962764931191487e+03
5.540532489681542756e+03
5.190299999282272438e+03
5.454170005506877715e+03
5.521543376882940720e+03
5.440465273600604633e+03
5.665129141922717281e+03
5.561485368830856714e+03
5.382935159344922795e+03
5.539788217181087020e+03
5.456062059651228992e+03
5.300171051237321080e+03
5.381955209335304062e+03
